N,n,t,va,prev
100,0,201,0.999951,5.91867e-08
100,0.102041,2000,0.999417,0.000383614
100,0.204082,2000,0.995308,0.00169184
100,0.306122,2000,0.983295,0.000953976
100,0.408163,2000,0.980848,0.00214029
100,0.510204,2000,0.982821,0.00220062
100,0.612245,2000,0.968348,0.00181886
100,0.714286,2000,0.976054,0.00290831
100,0.816327,2000,0.943118,0.0103888
100,0.918367,2000,0.952911,0.00447981
100,1.02041,2000,0.894806,0.000163464
100,1.12245,2000,0.902025,0.0064736
100,1.22449,2000,0.853867,0.048282
100,1.32653,2000,0.803439,0.02752
100,1.42857,2000,0.858459,0.00943088
100,1.53061,2000,0.874164,0.00679134
100,1.63265,2000,0.281638,0.0757482
100,1.73469,2000,0.794568,0.00235877
100,1.83673,2000,0.24146,0.0637239
100,1.93878,2000,0.432396,0.0409495
100,2.04082,2000,0.803959,0.0139091
100,2.14286,2000,0.729293,0.0523627
100,2.2449,2000,0.740763,0.102335
100,2.34694,2000,0.443397,0.0377917
100,2.44898,2000,0.341852,0.108447
100,2.55102,2000,0.21195,0.0865893
100,2.65306,2000,0.276266,0.0316351
100,2.7551,2000,0.275737,0.00551068
100,2.85714,2000,0.354791,0.0142424
100,2.95918,2000,0.316722,0.0858865
100,3.06122,2000,0.382929,0.0231612
100,3.16327,2000,0.422723,0.11563
100,3.26531,2000,0.313609,0.0301739
100,3.36735,2000,0.160814,0.0611501
100,3.46939,2000,0.099141,0.0370096
100,3.57143,2000,0.34903,0.154964
100,3.67347,2000,0.147832,0.0849352
100,3.77551,2000,0.341348,0.0305676
100,3.87755,2000,0.197911,0.0813751
100,3.97959,2000,0.0103895,0.163438
100,4.08163,2000,0.323474,0.107125
100,4.18367,2000,0.214246,0.0226496
100,4.28571,2000,0.166488,0.0767876
100,4.38776,2000,0.140632,0.0452361
100,4.4898,2000,0.0305949,0.0173249
100,4.59184,2000,0.164608,0.0543394
100,4.69388,2000,0.265705,0.128073
100,4.79592,2000,0.12535,0.0250395
100,4.89796,2000,0.0808349,0.0127501
100,5,2000,0.127316,0.0527841
1600,0,1238,0.982301,4.55452e-07
1600,0.102041,2000,0.991692,0.000273892
1600,0.204082,2000,0.990991,6.06173e-05
1600,0.306122,2000,0.955325,0.000832522
1600,0.408163,2000,0.957376,0.00117818
1600,0.510204,2000,0.87604,0.00282954
1600,0.612245,2000,0.768282,0.00934198
1600,0.714286,2000,0.532066,0.00207931
1600,0.816327,2000,0.766817,0.00330465
1600,0.918367,2000,0.548741,0.00545953
1600,1.02041,2000,0.624769,0.000249553
1600,1.12245,2000,0.366167,0.00877272
1600,1.22449,2000,0.435271,0.00396966
1600,1.32653,2000,0.26643,0.028742
1600,1.42857,2000,0.206944,0.0132594
1600,1.53061,2000,0.203749,0.0158627
1600,1.63265,2000,0.124993,0.00388272
1600,1.73469,2000,0.142566,0.0119859
1600,1.83673,2000,0.0885223,0.00929659
1600,1.93878,2000,0.189247,0.00604468
1600,2.04082,2000,0.222101,0.0146475
1600,2.14286,2000,0.0942568,0.00183267
1600,2.2449,2000,0.195043,0.00212708
1600,2.34694,2000,0.092891,0.0169788
1600,2.44898,2000,0.0995301,0.00583537
1600,2.55102,2000,0.180028,0.01084
1600,2.65306,2000,0.101899,0.0231643
1600,2.7551,2000,0.0965147,0.0291295
1600,2.85714,2000,0.0991296,0.0647568
1600,2.95918,2000,0.0442295,0.000234268
1600,3.06122,2000,0.02746,0.00119645
1600,3.16327,2000,0.0419825,0.000688319
1600,3.26531,2000,0.00952722,0.0454582
1600,3.36735,2000,0.0170385,0.00439578
1600,3.46939,2000,0.0185103,0.00596354
1600,3.57143,2000,0.065236,0.0183888
1600,3.67347,2000,0.13709,0.049387
1600,3.77551,2000,0.0626745,0.00651197
1600,3.87755,2000,0.0189221,0.00339682
1600,3.97959,2000,0.0392939,0.03599
1600,4.08163,2000,0.0452761,0.0148276
1600,4.18367,2000,0.0178939,0.0156014
1600,4.28571,2000,0.0390825,0.0227593
1600,4.38776,2000,0.0645469,0.0337291
1600,4.4898,2000,0.0824466,0.0179305
1600,4.59184,2000,0.0289208,0.0061189
1600,4.69388,2000,0.0491518,0.00457058
1600,4.79592,2000,0.0482497,0.0219494
1600,4.89796,2000,0.0349397,0.0305118
1600,5,2000,0.00292605,0.0523241
40,0,21,1,1.17353e-06
40,0.102041,2000,0.999357,0.00018141
40,0.204082,2000,0.998558,0.00108117
40,0.306122,2000,0.995268,0.000806877
40,0.408163,2000,0.993616,0.00134169
40,0.510204,2000,0.990844,0.00200957
40,0.612245,2000,0.982795,0.0028744
40,0.714286,2000,0.978608,0.0030877
40,0.816327,2000,0.960403,0.00808995
40,0.918367,2000,0.969671,0.0188333
40,1.02041,2000,0.964697,0.00319103
40,1.12245,2000,0.930774,0.0260861
40,1.22449,2000,0.928744,0.0115251
40,1.32653,2000,0.898664,0.0264293
40,1.42857,2000,0.828842,0.00875767
40,1.53061,2000,0.910506,0.0374073
40,1.63265,2000,0.869784,0.0132907
40,1.73469,2000,0.825722,0.0843726
40,1.83673,2000,0.877474,0.00888717
40,1.93878,2000,0.739061,0.0681645
40,2.04082,2000,0.883599,0.0501407
40,2.14286,2000,0.879308,0.0287816
40,2.2449,2000,0.868782,0.113493
40,2.34694,2000,0.884622,0.16351
40,2.44898,2000,0.499377,0.149769
40,2.55102,2000,0.817574,0.0229003
40,2.65306,2000,0.593579,0.0832172
40,2.7551,2000,0.542055,0.166822
40,2.85714,2000,0.780063,0.0668775
40,2.95918,2000,0.659407,0.0846437
40,3.06122,2000,0.459103,0.211881
40,3.16327,2000,0.715784,0.190359
40,3.26531,2000,0.61879,0.032644
40,3.36735,2000,0.460798,0.0791968
40,3.46939,2000,0.682285,0.0403315
40,3.57143,2000,0.525009,0.0710342
40,3.67347,2000,0.389663,0.1743
40,3.77551,2000,0.561902,0.157202
40,3.87755,2000,0.559697,0.0321571
40,3.97959,2000,0.284443,0.3964
40,4.08163,2000,0.567919,0.0864312
40,4.18367,2000,0.615562,0.0973275
40,4.28571,2000,0.44462,0.108232
40,4.38776,2000,0.347941,0.0681049
40,4.4898,2000,0.196403,0.0204263
40,4.59184,2000,0.422539,0.0558619
40,4.69388,2000,0.133548,0.343994
40,4.79592,2000,0.21245,0.358458
40,4.89796,2000,0.256431,0.00757956
40,5,2000,0.277442,0.171384
400,0,256,0.999552,8.11087e-07
400,0.102041,2000,0.997686,0.000349371
400,0.204082,2000,0.984189,0.000898176
400,0.306122,2000,0.990528,0.00128948
400,0.408163,2000,0.961892,0.00143125
400,0.510204,2000,0.943558,0.00677773
400,0.612245,2000,0.934981,0.00721374
400,0.714286,2000,0.889546,0.0049156
400,0.816327,2000,0.817706,0.00920411
400,0.918367,2000,0.621635,0.0265693
400,1.02041,2000,0.476066,0.00303471
400,1.12245,2000,0.612195,0.00625236
400,1.22449,2000,0.678761,0.0207643
400,1.32653,2000,0.679344,0.0040717
400,1.42857,2000,0.0716978,0.014748
400,1.53061,2000,0.444722,0.00526367
400,1.63265,2000,0.405035,0.0130366
400,1.73469,2000,0.477762,0.0283584
400,1.83673,2000,0.172776,0.017226
400,1.93878,2000,0.315476,0.029808
400,2.04082,2000,0.471682,0.0131245
400,2.14286,2000,0.521368,0.0262582
400,2.2449,2000,0.324589,0.00903594
400,2.34694,2000,0.223811,0.042727
400,2.44898,2000,0.478657,0.0513916
400,2.55102,2000,0.0959714,0.101762
400,2.65306,2000,0.212537,0.0238838
400,2.7551,2000,0.259038,0.00257562
400,2.85714,2000,0.104078,0.033725
400,2.95918,2000,0.118718,0.0974637
400,3.06122,2000,0.189861,0.0249037
400,3.16327,2000,0.12806,0.0350461
400,3.26531,2000,0.27638,0.00745155
400,3.36735,2000,0.165949,0.0239976
400,3.46939,2000,0.24107,0.0822448
400,3.57143,2000,0.153027,0.0326358
400,3.67347,2000,0.067939,0.00288467
400,3.77551,2000,0.0949526,0.00550733
400,3.87755,2000,0.123767,0.0350202
400,3.97959,2000,0.124717,0.0699085
400,4.08163,2000,0.149662,0.076742
400,4.18367,2000,0.101086,0.0746848
400,4.28571,2000,0.0968445,0.0507562
400,4.38776,2000,0.114714,0.0475267
400,4.4898,2000,0.0572468,0.0183828
400,4.59184,2000,0.086415,0.00145675
400,4.69388,2000,0.0371681,0.0367024
400,4.79592,2000,0.149563,0.116113
400,4.89796,2000,0.0115816,0.0716965
400,5,2000,0.0366317,0.0268813
4000,0,1852,0.993009,9.73929e-07
4000,0.102041,2000,0.983459,0.000207509
4000,0.204082,2000,0.855063,0.00180302
4000,0.306122,2000,0.9268,0.00103583
4000,0.408163,2000,0.895079,0.000533129
4000,0.510204,2000,0.853905,0.00287524
4000,0.612245,2000,0.604051,0.00191818
4000,0.714286,2000,0.75649,0.00496153
4000,0.816327,2000,0.525071,0.000400286
4000,0.918367,2000,0.353962,0.00441108
4000,1.02041,2000,0.310205,0.00219341
4000,1.12245,2000,0.369467,0.00357858
4000,1.22449,2000,0.199479,0.0114099
4000,1.32653,2000,0.254087,0.0143675
4000,1.42857,2000,0.120136,0.0143895
4000,1.53061,2000,0.129815,0.000474522
4000,1.63265,2000,0.0520671,0.0140379
4000,1.73469,2000,0.0704337,0.00889391
4000,1.83673,2000,0.0267756,0.0116147
4000,1.93878,2000,0.0371567,0.0012444
4000,2.04082,2000,0.076402,0.0224593
4000,2.14286,2000,0.097683,0.00567431
4000,2.2449,2000,0.0822593,0.00693396
4000,2.34694,2000,0.0789554,0.00133845
4000,2.44898,2000,0.0778676,0.0186777
4000,2.55102,2000,0.0919626,0.00494146
4000,2.65306,2000,0.051592,0.00478148
4000,2.7551,2000,0.063811,0.0186975
4000,2.85714,2000,0.0739919,0.038957
4000,2.95918,2000,0.0157682,0.0200711
4000,3.06122,2000,0.0263991,0.0281793
4000,3.16327,2000,0.0274056,0.00230186
4000,3.26531,2000,0.0401762,0.00999707
4000,3.36735,2000,0.0570928,0.00313474
4000,3.46939,2000,0.0219359,0.0161061
4000,3.57143,2000,0.0807198,0.00479232
4000,3.67347,2000,0.0806806,0.0381234
4000,3.77551,2000,0.0279854,0.00107544
4000,3.87755,2000,0.0370341,0.0123072
4000,3.97959,2000,0.0166809,0.0120652
4000,4.08163,2000,0.0183817,0.0096246
4000,4.18367,2000,0.0481726,0.026593
4000,4.28571,2000,0.0155486,0.00847634
4000,4.38776,2000,0.0224585,0.0164368
4000,4.4898,2000,0.0152105,0.0113466
4000,4.59184,2000,0.00451874,0.0189218
4000,4.69388,2000,0.0184738,0.0100573
4000,4.79592,2000,0.0353194,0.00665416
4000,4.89796,2000,0.023173,0.0013081
4000,5,2000,0.0288675,0.0149545
